M1 = 100;
K1 = 50;
b = 50;
M2 = 1000;
k12 = 10;